% All coefficients considered
function f = objfun(x)
f = 7.5169+0.2256*x(1)+0.8858*x(2)-0.4661*x(3)+0.1950*x(1)*x(2)+0.2531*x(1)*x(3)+0.0964*x(2)*x(3)-0.6519*(x(1))^2-0.2085*(x(2))^2-0.0591*(x(3))^2;
f=-f;
end