% All coefficients considered
function f = objfun(x)
f = 8.1900+0.2413*x(1)+1.2600*x(2)-0.2838*x(3)+0.2100*x(1)*x(2)+0.1625*x(1)*x(3)+0.1850*x(2)*x(3)-1.0713*(x(1))^2-0.6388*(x(2))^2-0.3013*(x(3))^2;
f=-f;
end